24,36
0,392
0,390
63,6
0,278
63,5
63,4
63,3
63,2
63,1
63,0
0,515
0,514
0,499
0,498
0,513
0,512
0,511
0,509
0,508
0,507
0,504
0,387
0,388
0,384
0,319
0,316
0,517
0,283
62,5
62,4
62,3
62,2
62,1
62,0
61,4
0,296
61,3
61,2
61,1
61,0
24,35
60,4
60,3
60,2
60,1
60,0
0,9
0,500
59,3
59,2
59,1
59,0
58,3
58,2
0,495
58,1
58,0
57,3
57,2
57,1
57,0
0,492
0,488
0,487
0,484
56,5
56,4
56,3
56,2
56,1
56,0
0,309
0,302
55,4
55,3
55,2
55,1
55,0
0,295
54,3
54,2
54,1
54,0
0,291
53,4
0,288
52,6
52,5
0,310
0,307
53,3
53,2
53,1
53,0
0,301
52,4
52,3
52,2
52,1
52,0
51,4
51,3
51,2
0,282
51,1
51,0
0,313
0,312
0,277
0,269
50,4
50,3
50,2
50,1
50,0
0,5
0,268
0,266
0,477
0,476
0,261
0,260
0,475
0,474
0,257
0,256
0,255
0,254
0,253
0,252
0,246
0,494
0,233
0,230
0,491
0,222
0,221
0,490
0,489
0,218
0,216
0,486
0,485
0,212
0,211
0,210
0,208
0,198
0,197
0,196
0,481
0,482
0,62
0,61
0,56
0,55
0,49
0,48
24,34
24,33
24,32
24,31
24,30
24,29
24,28
24,27
24,26
24,25
24,24
24,23
24,22
24,21
24,20
24,19
24,18
24,17
24,16
24,15
24,14
24,13
24,12
24,11
24,10
